0000000
0000001
0000001
0000000
0000011
0000010
0000000
0000010
0000011
0000000
0000010
0000010
0000000
0000100
0000110
0000000
0000111
0000100
0000000
0000110
0000110
0000000
0000010
0000100
0000000
0000100
0000100
0000000
0000110
0000100
0000000
0000100
0000111
0000000
0000100
0000010
0000000
0000100
0000110
0000000
0001110
0001100
0000000
0001000
0001110
0000000
0001100
0001100
0000000
0000100
0001100
0000000
0001100
0001100
0000000
0001000
0001110
0000000
0001100
0001000
0000000
0001000
0000100
0000000
0001111
0001100
0000000
0001010
0001100
0000000
0000010
0001000
0000000
0001100
0001100
0000000
0001110
0001000
0000000
0001100
0001110
0000000
0001100
0001000
0000000
0001100
0001000
0000000
0001110
0001100
0000000
0001000
0001100
0000000
0001100
0001000
0000000
0000100
0000100
0000000
0001100
0001000
0000000
0001000
0001100
0000000
0001100
0001000
0000000
0001000
0001000
0000000
0001110
0000000
0000000
0001000
0001100
0000000
0001000
0001000
0000000
0011100
0011000
0000000
0011100
0011000
0000000
0011000
0011111
0000000
0001100
0011010
0000000
0011000
0011010
0000000
0011100
0010100
0000000
0011000
0010110
0000000
0011000
0001100
0000000
0010000
0011100
0000000
0011100
0010100
0000000
0001000
0011110
0000000
0011000
0011000
0000000
0011000
0011100
0000000
0011110
0010100
0000000
0011000
0011100
0000000
0011000
0011000
0000000
0010100
0011100
0000000
0011000
0011000
0000000
0011000
0011110
0000000
0001100
0001000
0000000
0010000
0011000
0000000
0011100
0011100
0000000
0011000
0011100
0000000
0011000
0011000
0000000
0010000
0000100
0000000
0011100
0011000
0000000
0010000
0011100
0000000
0011000
0011000
0000000
0011000
0011000
0000000
0011100
0010000
0000000
0011000
0011100
0000000
0011000
0011000
0000000
0010000
0001000
0000000
0011000
0001000
0000000
0011000
0011110
0000000
0000000
0011000
0000000
0010000
0001000
0000000
0011100
0010100
0000000
0011000
0011000
0000000
0011000
0011000
0000000
0010000
0011100
0000000
0011000
0010000
0000000
0010000
0011100
0000000
0011000
0011000
0000000
0010000
0011000
0000000
0011111
0010000
0000000
0011010
0011100
0000000
0011010
0010000
0000000
0010100
0011000
0000000
0011110
0011000
0000000
0010100
0011100
0000000
0010100
0001000
0000000
0010100
0011000
0000000
0010110
0010000
0000000
0011000
0011000
0000000
0011100
0011000
0000000
0010100
0010000
0000000
0011100
0010000
0000000
0011000
0011100
0000000
0011100
0011000
0000000
0011000
0011000
0000000
0011110
0010000
0000000
0001000
0011000
0000000
0011000
0010000
0000000
0011100
0011000
0000000
0011100
0010000
0000000
0011000
0011110
0000000
0010100
0011000
0000000
0011000
0011000
0000000
0011100
0010100
0000000
0011000
0011000
0000000
0011000
0010000
0000000
0010000
0010100
0000000
0011100
0010000
0000000
0011000
0011000
0000000
0011000
0011000
0000000
0011000
0011000
0000000
0011110
0010000
0000000
0001000
0011100
0000000
0001000
0010000
0000000
0000100
0010000
0000000
0111000
0111000
0000000
0111000
0111100
0000000
0111100
0100000
0000000
0010000
0111000
0000000
0111100
0110000
0000000
0111000
0111000
0000000
0111000
0111000
0000000
0110000
0010000
0000000
0111100
0110000
0000000
0110000
0111100
0000000
0011000
0111000
0000000
0111000
0110000
0000000
0111100
0110000
0000000
0101000
0111000
0000000
0111000
0110000
0000000
0110000
0111000
0000000
0111000
0110000
0000000
0111000
0111100
0000000
0110000
0101000
0000000
0010000
0011000
0000000
0111100
0110000
0000000
0111000
0111000
0000000
0111000
0110000
0000000
0110000
0110000
0000000
0111000
0010000
0000000
0110000
0111000
0000000
0101000
0101000
0000000
0110000
0111000
0000000
0111110
0110000
0000000
0111000
0100000
0000000
0111000
0110000
0000000
0110100
0110000
0000000
0111000
0010000
0000000
0110000
0011100
0000000
0110100
0100000
0000000
0010000
0111000
0000000
0111000
0010000
0000000
0111000
0111000
0000000
0111000
0100000
0000000
0110000
0110000
0000000
0111100
0110000
0000000
0110000
0111000
0000000
0110000
0111000
0000000
0111000
0110000
0000000
0111100
0110000
0000000
0100000
0111000
0000000
0111000
0110000
0000000
0110000
0110000
0000000
0111000
0110000
0000000
0111000
0111111
0000000
0110000
0100010
0000000
0110000
0011010
0000000
0111100
0110100
0000000
0111000
0111110
0000000
0110000
0110100
0000000
0110000
0110100
0000000
0111000
0100100
0000000
0110000
0111110
0000000
0111000
0101000
0000000
0110000
0110100
0000000
0111100
0110100
0000000
0101000
0111100
0000000
0001000
0111000
0000000
0110000
0111100
0000000
0111000
0111000
0000000
0110000
0111110
0000000
0110000
0101000
0000000
0110000
0111000
0000000
0111000
0111100
0000000
0101000
0111100
0000000
0111000
0101000
0000000
0110000
0110100
0000000
0110000
0111000
0000000
0110000
0111100
0000000
0110000
0101000
0000000
0110000
0111000
0000000
0111100
0110000
0000000
0100000
0111100
0000000
0011000
0111000
0000000
0010000
0111000
0000000
0011000
0111000
0000000
0100000
0111110
0000000
0110000
0101000
0000000
0110000
0001000
0000000
0111000
0110100
0000000
0111000
0111000
0000000
0110000
0101000
0000000
0110000
0111100
0000000
0111000
0110000
0000000
0110000
0111100
0000000
0110000
0111000
0000000
0110000
0111000
0000000
0111110
0110000
0000000
0100000
0111100
0000000
0011000
0110000
0000000
0110100
0111000
0000000
0111000
0111000
0000000
0110000
0111100
0000000
0110100
0101000
0000000
0100000
0011000
0000000
0111000
0110000
0000000
0101000
0111000
0000000
0110000
0111000
0000000
0110000
0110000
0000000
0111100
0110000
0000000
0110000
0111100
0000000
0110000
0111000
0000000
0011000
0011000
0000000
0111000
0110000
0000000
0100000
0111000
0000000
0111000
0010000
0000000
0110000
0111000
0000000
0111000
0110000
0000000
0101000
0111110
0000000
0110000
0111000
0000000
0110000
0001000
0000000
0111100
0110100
0000000
0100000
0111000
0000000
0110000
0110000
0000000
0110000
0000100
0000000
0110000
0110000
0000000
0110000
0111000
0000000
0111000
0111000
0000000
0110000
0111000
0000000
0111100
0110000
0000000
0101000
0111100
0000000
0000000
0110000
0000000
0110000
0110000
0000000
0111000
0111000
0000000
0100000
0111100
0000000
0110000
0100000
0000000
0110000
0011000
0000000
0111000
0110000
0000000
0101000
0111000
0000000
0111000
0111000
0000000
0110000
0110000
0000000
0110000
0110000
0000000
0110000
0011100
0000000
0110000
0111000
0000000
0110000
0010000
0000000
0111100
0110000
0000000
0100000
0111000
0000000
0011000
0110000
0100000
0010000
0111000
0000000
0110000
0110000
0100000
0100000
0111100
0000000
0110000
0101000
0100000
0100000
0101000
0000000
0111000
0110000
0000000
0111000
0111000
0000000
0010000
0110000
0100000
0110000
0110000
0000000
0111000
0110000
0100000
0100000
0111000
0000000
0110000
0101000
0100000
0110000
0111000
0000000